#ifndef DWC_H
#define DWC_H

#include <array>
#include <Eigen/Sparse>

class DWC {
   private:
       static constexpr std::array<double,36> m_epsDW2D = {
                   0.8095901571204679,
                   1.2342593127054775,
                   1.8095901571204664,
                   2.000549642428768,
                   2.2344116951250363,
                   2.69786617717944,
                   2.8098899984127224,
                   3.000549642428769,
                   3.2344116951250372,
                   3.5076520576098567,
                   3.7037261034309044,
                   3.8098899984127232,
                   4.004203150658112,
                   4.23653455302104,
                   4.2924046426952795,
                   4.5076520576098575,
                   4.703726103430904,
                   4.811298227473553,
                   5.004203150658112,
                   5.236534553021029,
                   5.511384572787321,
                   5.625203345401195,
                   5.807103464038347,
                   5.811298227473546,
                   5.942517529240185,
                   6.214038230109306,
                   6.3704815833555015,
                   6.371620832904491,
                   6.511384572787326,
                   6.625203345401197,
                   6.807103464038345,
                   6.935810416452244,
                   6.942517529240181,
                   7.21403823010931,
                   7.371620832904488,
                   7.9358104164522345
             };
       static constexpr std::array<double,1296> m_C2D = {
               0.9513100880998019, 0.0, 5.270997248713158e-16, 0.295994895588426, 0.0, 0.0, 2.3338905693311943e-16, 0.0, 0.0, -0.08023198216004374, 0.0, 0.0, -4.6315922198669106e-17, 0.0, 0.0, 0.0, 0.0, 0.0, 0.0, 0.0, 0.03096719399322629, 0.0, -4.8457372035957806e-18, 0.0, 0.0, 0.0, -5.3644596159574e-20, 0.0, 0.0, 0.0, 0.0, -6.4715230183692534e-18, 0.0, 0.0, 0.0, -1.3104738625899578e-34, 
               -1.1102230246251565e-16, -1.9118327283430557e-15, 0.9513100880998012, -1.3322676295501878e-15, -1.2042240551054902e-15, 8.858372465785248e-16, 1.6903092007224262e-15, 0.29599489558842823, -2.5457251106305644e-16, 0.0, -7.990907478188355e-17, 3.455909837481416e-16, 2.082330378255972e-16, 3.2773616869390674e-16, 5.897920357561692e-16, -0.08023198216004376, -7.440879601977385e-17, -1.4026890158508409e-16, 8.399673664268438e-17, 4.020562462771707e-27, 0.0, 1.7961296480282218e-17, 1.767789357825263e-16, -1.579218770006487e-17, -2.9087982479757664e-17, -5.747150057147293e-20, 6.702663219209576e-17, -6.363239791064147e-31, -0.030967193993226068, -1.087350630633733e-17, -1.8986651981634215e-17, -5.139617199964453e-17, 5.026014140136775e-27, 4.952038041280917e-18, 9.616838285213152e-19, 3.913609261041553e-17, 
               1.3877787807814457e-17, -0.9563132129055516, -1.8658179433607376e-15, 0.0, -6.829040386599921e-17, 0.28050994503050997, -4.509292111994241e-16, -7.952587558617205e-16, -2.064191235410422e-17, -5.551115123125783e-17, -8.977941920395347e-17, 1.0149896509165036e-17, 1.2460987039949266e-16, -6.223305521397313e-16, 0.07793861074639039, 2.0469737016526324e-16, -1.4199533031666818e-17, -7.849539490445885e-17, -2.001200345099452e-17, 2.12841141173952e-26, 0.0, 1.0187437308367807e-17, -3.5110725614284863e-19, -8.939732821528195e-17, 4.915768018089044e-18, 3.926401540112827e-17, 0.026547740321250162, -1.2144022207479018e-31, -3.5561831257524545e-17, 9.087310341091722e-19, -1.0894297243988704e-18, 5.171830731070808e-17, 2.6605990933949257e-26, 2.8599033877858317e-17, -1.3494174202336008e-17, 8.901228069770056e-26, 
               -2.0816681711721688e-17, 2.2204460492503136e-16, -6.452629207956794e-16, 4.996003610813204e-16, 1.151283333312231e-15, -1.942890293094024e-16, -0.9513938862695095, 4.1975294694961084e-16, -8.364039867485534e-16, -1.2212453270876722e-15, -1.5515409934206976e-16, 1.0102686701886332e-15, -0.2963758312507069, -7.258118290417192e-17, 2.8962645944381226e-17, 1.0408340855860843e-16, -8.693187772963227e-18, 6.203469012960028e-17, -1.405616088210525e-16, -7.646786485647772e-28, -3.33066907387547e-16, 1.278373948827447e-17, 0.0837319522013654, -8.60119256834479e-18, -1.4871802689510715e-17, 4.162251394887418e-18, 2.4380114199938384e-17, 1.9121006524255693e-31, -9.355581134022833e-17, 1.9923743007347114e-18, 3.247980300489845e-17, 1.1765113874765269e-16, -9.558673088289911e-28, -1.0246615135445214e-18, -1.4374959414777951e-18, -3.1804857931939987e-27, 
               -3.0814879110195774e-32, 5.551115123125783e-17, 1.2212453270876722e-15, -2.8596207814261678e-30, 0.9563752334786219, 2.888314587501384e-16, 9.992007221626409e-16, -1.457167719820518e-16, -2.619176019560892e-15, 1.1832913578315177e-30, 0.28142658082844874, -2.1170600749832258e-15, 5.551115123125783e-17, 8.53644215313186e-17, -2.6020852139652106e-18, -9.540979117872439e-18, -3.647184668692802e-16, -2.213647104219716e-16, 1.0017729618162816e-15, 7.716691670629432e-18, 9.860761315262648e-32, -0.07839319097932089, -1.3877787807814457e-16, 5.708416205780624e-16, 3.436983782871392e-16, 1.5063244519077292e-16, 6.071532165918825e-18, 5.326458038876306e-18, 6.245004513516506e-17, -1.77912327193609e-16, 2.369696026391656e-16, 0.0, 1.7131269786926802e-18, -4.215951620991013e-17, -3.6662677014967826e-16, -4.745771644766015e-19, 
               0.3070514338656004, 1.5872798072955088e-17, -1.4432899320127035e-15, -0.8865382673534753, 0.0, -5.1136081551134234e-18, -9.253468449131073e-16, 5.551115123125783e-17, -4.930380657631324e-32, 0.33077271151244225, -1.232595164407831e-32, 4.930380657631324e-32, 1.8449931199618616e-16, 0.0, -2.99180188140392e-18, 0.0, 0.0, 0.0, 0.0, 0.0, -0.10177785023119501, 0.0, 1.6782826037516378e-17, -6.162975822039155e-33, 0.0, 1.5768551419670494e-33, 1.4126524694015626e-19, 0.0, 0.0, -1.5407439555097887e-33, -3.0814879110195774e-33, -6.27114428911058e-18, 1.4349296274686127e-42, 7.703719777548943e-34, -1.925929944387236e-34, -6.162975822039155e-33, 
               -4.6222318665293654e-33, -6.938893903907228e-17, 3.3306690738754696e-16, -7.888609052210118e-31, 1.742936797148701e-15, -1.43982048506075e-16, 3.3306690738754696e-16, 1.3877787807814457e-17, 1.3967569467094452e-15, 1.232595164407831e-30, -1.6019040357533245e-14, -0.9513938862695098, -4.496403249731884e-15, -8.261691264566155e-17, 2.7582103268031233e-16, 3.122502256758253e-16, 1.211871579375729e-15, -1.901471354871775e-15, -0.2963758312507078, 4.9553052148072527e-17, -1.4791141972893971e-31, 5.820802892832698e-16, 2.0816681711721685e-16, -3.0186599320112943e-17, 3.050474548710101e-16, 4.0393126528875605e-17, 1.951563910473908e-17, 7.472925090695711e-17, -2.2551405187698492e-17, 7.125499048097876e-17, 0.08373195220136533, -5.551115123125784e-17, -3.7452045715376594e-18, -1.3331686433105762e-16, 9.724884239745569e-17, -1.868431727605001e-16, 
               -7.703719777548943e-34, -1.727613496277127e-34, 1.1102230246251565e-16, -3.2292386162662836e-49, -2.4095489852462174e-15, -1.244664094013359e-16, 6.661338147750939e-16, -1.137111238502797e-15, -0.956375233478622, -5.9164567891575885e-31, -5.806742303205619e-16, -1.976896987900623e-15, 7.771561172376096e-16, -1.7008556139804992e-15, -1.3530843112619095e-16, 2.983724378680108e-16, 0.2814265808284502, -2.6117679277731287e-15, 2.4243442209653195e-15, -3.551680865164422e-17, 1.232595164407831e-32, -2.7803076840492716e-16, -1.6653345369377348e-16, 5.795185002607208e-16, -2.8409772643111343e-16, -6.35128450016358e-17, 1.734723475976807e-17, 4.69121764264461e-16, 4.163336342344337e-17, 0.07839319097932068, 4.933097601891984e-17, 1.3877787807814457e-17, 4.1566445778964265e-17, -2.9083880571435115e-16, -3.4806497629951716e-16, -2.50378491851269e-19, 
               -1.631802494913424e-17, -7.311859451242242e-16, 0.3070514338656022, -5.41230424281949e-16, -5.13478148889135e-16, -2.9012708034625856e-15, -1.1746116558140678e-16, -0.8865382673534754, 1.0940176503933641e-15, -2.3555241207343038e-17, 2.7755575615628926e-17, 2.6582715033441815e-16, -5.893051609530454e-16, -1.3548947559154557e-15, -2.3076159039181476e-15, 0.33077271151244064, 2.1982147618007433e-16, 4.597771121310362e-16, -4.715556339531067e-17, -1.3755559619554238e-26, 2.3501133434563557e-18, 1.2143064331837648e-17, -7.83404376823013e-16, 5.4033185064098714e-17, 1.1454984631370667e-16, -3.868970830815992e-18, -2.5457067009959644e-16, 1.714655429487956e-30, 0.10177785023119378, 1.1838437542190142e-17, -1.0098327932584767e-17, -7.908599562651063e-32, -1.719583106621428e-26, -1.6643133195193226e-17, 3.5400649963732183e-19, 3.792431589198293e-17, 
               1.5149279158241776e-18, -0.29090732829246585, -6.74807432154978e-16, 4.664338278051747e-18, 2.5153490401663703e-16, -0.885363466991989, 8.673617379884035e-17, 3.4348066925427023e-15, 2.246179107519318e-16, 4.3238929146887115e-18, 3.5301622736128024e-16, 1.0119182647434568e-16, 9.606031248221569e-17, 2.6657423442697106e-15, -0.34652837583592155, -1.3920342743084513e-15, 5.584498196512805e-17, 3.129435086628826e-19, 6.029153254513175e-17, -7.428980864767955e-26, 3.6870053480569696e-18, -4.933119884809045e-17, 1.4360257774570506e-16, 3.120195363169393e-16, -3.4151594286674487e-17, -5.2507056374284205e-17, -0.10687629485616955, 1.0752767806067748e-30, -2.272081177714935e-16, 3.494311431371816e-18, -6.632941264473386e-18, 2.6020852139652106e-18, -9.286703485289383e-26, -9.838355637776589e-17, -7.090689153514677e-18, -3.035962360104389e-25, 
               -1.183104019223292e-33, 2.431769767035987e-17, -4.2763967295431275e-18, 5.475346457624639e-32, -5.072126173068096e-16, -1.0069658899835826e-16, -1.2201839759906202e-16, -1.1123904734211307e-16, 1.2221168033269897e-15, -2.377627266006261e-31, 1.663091123117167e-15, 1.6898877279341722e-16, 1.9450573595938513e-16, 6.696663218110704e-16, 2.540444319355288e-16, 5.928500010073553e-16, -3.13497766931985e-15, -0.9545870548474239, 5.7465117568956304e-15, 4.0147854338892785e-16, 4.1040889398867584e-33, -4.755189493241265e-16, -9.392639047293264e-17, 6.019005029679014e-16, -1.2447288856587908e-15, 0.297932131059613, -2.798374047470404e-16, 3.818274449950695e-15, -5.505717391689516e-16, -4.8255184843676764e-17, 1.0956572892940068e-16, -2.6742696234813435e-18, 1.5818385628037335e-16, 1.4282163191570175e-16, -4.927640236660446e-16, -2.82119592879826e-19, 
               -1.2037062152420224e-35, 6.938893903907228e-18, 0.0, 0.0, -3.0388305218050577e-16, -1.1796119636642288e-16, 3.469446951953614e-18, 2.220446049250313e-16, 1.3601010234548834e-15, 5.238529448733282e-32, 7.990685724525773e-16, -8.096261595679594e-17, 2.636779683484747e-16, -0.9595916641183339, -6.966649479522857e-15, -3.885780586188048e-15, -2.1257125367180124e-15, -6.89387511632152e-16, 6.615963366278107e-16, 1.174699680199012e-15, 6.162975822039155e-33, -1.7895274350414343e-15, 1.3877787807814457e-17, 3.6887348827078187e-16, -0.281396229815908, 5.704973961406996e-16, 1.6263032587282567e-16, 8.152584038909358e-16, 2.220446049250313e-16, 8.868673073372684e-17, -9.94633044125578e-17, 6.505213034913027e-19, 2.7418694893281455e-16, -1.6210230382722543e-16, -5.709154894965559e-17, -3.962181532904819e-20, 
               -3.0072472096183024e-18, 3.851086116668512e-16, 9.71445146547012e-17, 8.86185215319245e-17, 3.0878077872387166e-16, -1.9081958235744887e-17, -0.30707861756671057, -3.365363543395006e-16, 5.594995390180334e-16, -1.1030004345637628e-15, -1.93421667571414e-16, -4.340519980245559e-15, 0.8921384925587371, 2.3271530543144417e-16, -3.0617869350990645e-16, -4.544975507059235e-16, 1.8494714790146371e-16, 2.8287006728436372e-16, 2.1445822959131262e-16, 5.10312405509822e-28, -1.9364063192698376e-17, 6.418476861114186e-17, -0.3313482046553784, 4.4329307213287603e-17, 7.195768487111335e-17, 1.4351845750497177e-16, -4.0223900599212215e-17, 2.1129136678629316e-30, 1.6067876196235176e-16, 5.010523901967528e-17, -4.6394726881618506e-17, 1.6653345369377348e-16, 6.387220331592978e-28, 6.120238653061905e-19, 3.4352165350687103e-19, 1.6637654270094455e-27, 
               -4.3149384018985025e-33, -1.0992258535447365e-18, 2.911278031699394e-16, -6.794368417693346e-31, 0.29089276324337754, -8.077843624013311e-17, 5.715909541560302e-16, -9.830126375633079e-17, -4.430584045468193e-16, 1.066272873091549e-30, -0.8925826089613016, 1.2147936790329537e-14, -8.02003957840064e-17, -1.2765146514486875e-15, -3.7931788388364295e-16, -6.855661885196644e-18, -2.481642169784928e-16, -1.316032534051743e-15, 1.1905225149520349e-15, -2.016029151550343e-17, 4.039190007869543e-32, 0.34449627933036947, 8.17888917348403e-17, -2.157810678088582e-15, -2.1612815005251834e-15, -4.875142805726754e-16, -2.278897763963121e-16, 2.421921831101489e-18, -5.3675036944650986e-17, 1.0875021610579228e-16, -5.691520240607168e-17, -7.784381392790576e-18, -4.347256883920547e-18, 2.3009595128943094e-16, -1.1327036699996437e-16, -1.5919329864262078e-19, 
               0.025641106812004197, 8.014344678531088e-17, -4.440892098500626e-16, -0.3538217494529444, -6.409494854920721e-31, -2.085573161377082e-17, 9.589603633957017e-16, 8.326672684688674e-17, -2.2186712959340957e-31, -0.8573705741543419, -6.162975822039155e-32, 4.190823558986625e-31, -6.87393235830903e-16, 9.860761315262648e-32, 6.148678906780314e-18, -1.734723475976807e-17, -2.465190328815662e-32, -3.697785493223493e-32, 2.7733391199176196e-32, -7.174648137343064e-43, 0.3729187603617812, 1.1555579666323415e-32, -2.032030882711539e-17, -9.244463733058732e-33, -1.0785207688568521e-32, 1.0550484976596326e-32, -1.2220917221642491e-18, -1.970575965456774e-46, -5.204170427930421e-18, -5.007417855406813e-33, -2.0800043399382147e-32, 4.439819273946728e-18, 3.049225458370802e-42, 7.703719777548943e-34, -5.7777898331617076e-34, 1.5407439555097887e-33, 
               -8.588759911103466e-49, -1.3552527154464223e-20, 6.776263577286489e-21, 3.3290321947536345e-46, -1.405483465128293e-17, -2.2204460491398536e-16, -8.673617378896356e-19, -1.3877787806588001e-17, -2.7287583730636085e-16, 1.3836459996243788e-44, 6.243411187947599e-16, 1.682905980529658e-17, 1.7347234759715106e-18, -6.085885494696263e-17, -2.2204460492876893e-16, 2.775557561717397e-17, 1.0990360260848556e-15, -9.8869177222538e-16, 1.344883748696078e-16, -2.9970856975774373e-16, 3.912977666398786e-45, -4.2586724101038715e-15, -1.342242289537973e-16, -0.9545870548474239, -1.1873106315768537e-15, -1.5959626231555467e-15, -3.4694469513815076e-17, 8.191025338427035e-16, -3.4694469508930154e-18, -3.795130438247929e-16, -5.617269937961399e-16, -5.0821976820441254e-21, -9.396999094273697e-16, 0.29793213105961225, 9.037526584070982e-16, 2.742014394848637e-16, 
               1.990879938451511e-48, -5.005749062147472e-34, 1.0412429088315801e-32, 2.717051896111643e-47, 1.89735380190838e-19, -1.0336884024024096e-25, -1.0092973408425793e-27, -1.2916024841645754e-26, -1.8627948576016107e-16, -2.6197657033622993e-46, 4.255493527005187e-17, 2.3554292197262452e-17, -3.635048588286473e-27, -1.5286890643043122e-15, -6.462466050523717e-25, 1.9387348436711922e-25, -6.638942596625548e-16, -6.79469501496667e-16, -2.278450865478241e-16, -0.9595916641183335, 2.8733522517420195e-47, 3.9952850056092576e-17, -3.1907761840926896e-26, 5.968610251289144e-16, 2.3805522169402943e-16, -5.848186518386807e-16, -1.486343693004852e-25, 1.9726195239290734e-15, -2.5041698870130806e-26, 4.696967099114508e-17, -1.0842021724868131e-18, -1.5779026697263637e-29, -0.28139622981590795, -3.0911396707460817e-16, -3.903127820947816e-18, 7.771561172376096e-16, 
               -2.728158944188533e-34, -7.121857715573495e-18, 2.6247143802522018e-17, -1.0172904236267638e-31, -3.815010026709621e-16, -1.2733111783590054e-17, 4.2550564334878306e-17, -3.9055896385652345e-18, 1.640697438594481e-15, 9.313246975242494e-31, -5.329132518698209e-15, -0.30707861756671045, -1.7666401428731882e-15, 7.316006270349663e-16, 1.5311825114468942e-16, 2.5549868140931026e-16, -3.60220910973543e-15, 5.166510431644431e-15, 0.8921384925587366, -2.1857515797306727e-16, -5.978227816700458e-32, -1.978422051942011e-15, -5.675210841691078e-17, 4.3012466437226854e-16, -1.353310811659419e-16, -6.718354733575277e-17, -6.220246748153451e-18, 3.321406516444817e-17, -5.159365776827384e-18, 3.7126655808457224e-17, -0.3313482046553796, 4.1101968568851635e-17, -2.554651368819015e-18, -1.09780211007648e-16, 1.054081760335868e-15, -1.940722154941515e-16, 
               -9.041376312386827e-35, -3.149058859531198e-19, 1.544071989590269e-17, 3.9079818474345527e-32, -8.834077195200555e-16, -1.3231649161894471e-17, 1.499529286120666e-16, -3.199646156837338e-16, -0.2908927632433787, -4.53318670118038e-31, 3.731544242258441e-18, -5.961895077641757e-16, 4.134951141874332e-16, 1.04136455351578e-15, -2.469488463432794e-16, 7.230870420894608e-16, -0.8925826089613017, 4.310113970381346e-15, -3.128798110141432e-15, 7.862430866957682e-16, 2.2280689171372427e-32, 2.2542754831257874e-16, 3.8503029330710767e-17, -6.572022422494772e-16, 2.0327029255029362e-16, 7.350143205502203e-16, -9.092469377347061e-18, -1.264507414583067e-15, 1.6395481863443402e-17, -0.3444962793303691, 1.08875604215655e-15, -4.3560034648249646e-18, -2.5110461127943574e-16, 7.354000127033407e-16, 7.815337952614807e-16, 1.0706528623514845e-18, 
               2.7574321809836954e-19, -1.126079481397757e-16, 0.025641106812004377, -6.037088983571705e-17, -7.589415207398527e-17, -2.0008849449266314e-15, -1.768885681410953e-16, -0.35382174945294226, -1.4152396415741013e-16, -1.942714699113506e-17, 4.4343868854657125e-17, -2.9309891316326303e-16, -5.709662667984966e-16, 3.4554803556126e-15, 4.957004519855722e-15, -0.8573705741543431, -5.341543593733204e-16, -5.699920293303441e-16, 1.5369801581101907e-16, 1.4044038809893265e-26, -1.704058830749825e-18, -2.1006417091906648e-17, -1.5569087287573809e-16, -5.0903051119742207e-17, -2.7284178538785597e-16, -1.154838369144641e-16, 1.3922782197972605e-15, -4.212099066341028e-31, -0.3729187603617801, -4.304667579654985e-17, 4.691466926683958e-18, -4.3368086899417895e-19, 1.755949996690919e-26, 1.3491216355600117e-17, 8.220679601990475e-20, -2.684950319736326e-17, 
               8.808199392296134e-20, -0.028371405756732453, -9.64939933512099e-17, -2.0548403007092944e-19, 2.1380466841414147e-16, -0.36812676503829217, 4.9439619065339e-17, 1.0139390954448657e-15, -1.5751205505837346e-16, 1.6592860082000546e-17, -3.7003820146930266e-16, 3.089276731807619e-16, 1.5276408610320757e-16, -6.072301102141068e-15, 0.8451583931899022, 5.4344854625524436e-15, -1.8445726763535151e-16, 1.9653290777670983e-16, -3.643218500435256e-17, 3.5758018196067985e-26, -3.288954576563129e-19, 7.502679033599691e-17, -2.5139937874507634e-16, -1.6837163983619913e-16, 1.2905581316126116e-16, 1.5293440418599262e-16, 0.3865036075103204, 6.637323339545117e-30, 1.3843466032791713e-15, -1.988909626067172e-17, 8.350065561533399e-18, 5.854691731421724e-18, 4.4715485006695263e-26, 3.7002368675220124e-17, 5.067642860892905e-18, 8.846648387552299e-26, 
               8.00857953310195e-18, 6.929389549503278e-17, 1.5097104047701233e-16, -2.2296515940830964e-18, -1.1102230246251493e-16, -9.747341033134735e-18, 4.2997728709755896e-17, -1.7135714955896717e-17, 1.3531191219807732e-17, 3.511093048511068e-18, -8.906180137597945e-32, -2.3741831175606973e-18, -1.712145165178988e-17, 3.3362801426843207e-19, 2.977472236471032e-19, 1.9704640145929932e-17, -3.7725977543630666e-18, 4.2683116805475573e-19, -1.805144275448021e-17, -3.420451581238898e-30, -6.513847417241247e-18, 2.0816681711721694e-17, 2.5401661307359985e-16, -7.585580504590611e-22, 1.0241033301187883e-17, 4.238351730908971e-18, -1.1580825598006914e-17, -3.851859888774359e-33, -3.346508599602955e-17, 4.404722615223707e-18, 9.991780725743382e-17, 1.0000000000000002, -4.277682999487448e-30, -1.2511261732988318e-21, 2.5462952796499504e-18, -4.458067356063922e-30, 
               7.245382429785327e-52, -6.666556561270445e-34, 1.2683223014856703e-34, 0.0, 6.922695643387977e-18, 5.275305376060828e-32, 4.383037397244311e-34, -6.334298284750154e-30, 8.765426745422837e-21, 0.0, 5.5029061745963014e-17, 1.210612225898269e-18, -5.242768476516908e-32, 4.307559596265417e-16, -7.328234351160474e-30, 8.715079934729438e-30, -1.1055043519730846e-15, -1.0289970416747078e-16, 2.304183731837523e-16, 1.5979573219984315e-15, 0.0, -5.745447290981e-17, 8.631340752991967e-29, 1.4415228964905188e-15, 2.1918899318903393e-15, -1.3096073890852032e-14, 2.404532039671953e-29, 1.0000000000000002, 1.0172977416063151e-30, -5.288480473525164e-16, 1.133703610790619e-16, -1.0077391116985852e-33, 2.553165386471448e-15, 1.2569438307713168e-15, -1.470790334633045e-17, -3.665169869526599e-21, 
               -8.63311092224384e-34, 2.369100689508964e-18, -4.688536527477898e-19, 3.276026407021729e-32, -1.2881011460593991e-16, -1.5810775257831665e-17, -8.811796800997095e-17, -2.849276079184796e-17, 2.2392155826849687e-16, -2.4854266820816243e-31, 6.169135585194417e-16, 3.09930621457841e-17, 2.228255406798846e-16, 3.1716797988048447e-16, 5.4502048585690275e-17, 1.68619066436894e-16, -1.1342677626360677e-15, -0.29793213105961247, 1.729474685281053e-15, 1.0623690512370825e-15, 2.5621844990363555e-32, -2.131862301249159e-15, -2.2269030974186743e-19, 1.6818742293327654e-15, -8.356796060667717e-16, -0.9545870548474237, 3.8161944004289104e-16, -1.2842776406045662e-14, 5.254189300631189e-16, -1.4693224893586316e-15, -2.9398792853359256e-17, 8.216858401193971e-19, -5.525195914939648e-16, -6.285970658802708e-16, -3.167903161119357e-19, 1.6937036609346455e-20, 
               -5.354737460772786e-37, 4.507089898375903e-19, -6.598109858388765e-20, 0.0, 7.728130448048905e-19, -2.757501134026559e-17, 2.40396594963565e-19, 1.989770431623157e-17, 2.0175630100081866e-16, 0.0, 2.987718590391394e-16, 1.570600096770026e-16, 6.668397393620166e-17, -0.2813962298159077, -2.125195166924001e-15, -1.4059081283291367e-15, -4.439844027895707e-16, -1.8696180176025107e-15, 3.3036568654720765e-16, 6.819055682529681e-16, 0.0, 6.75050122302084e-15, 1.9445845736684683e-16, -1.2015232560432706e-15, 0.9595916641183335, -5.151871070967459e-16, -1.05574632732429e-16, -1.986500206977168e-15, -1.1676626587254606e-16, 1.0907752958460971e-15, 1.1449772578722333e-16, -8.663326627970674e-20, -9.359459957275914e-17, -4.032375865771643e-16, 6.003217304367408e-17, 2.0328790355767614e-20, 
               2.4517518402328977e-19, 8.760353553682875e-17, 1.3530843112619095e-16, -2.242738497965493e-19, 8.153200337090993e-17, -1.0842021724855041e-17, -0.02350310197224095, -8.630249292984615e-16, -6.083772242893468e-18, -2.3061843308911144e-16, 4.336808689942018e-18, -1.4877142953578185e-15, 0.34095494826366235, 1.3406281366415563e-16, 4.336808689942018e-17, 5.275727771314465e-16, 1.871685916948485e-16, 9.365042707921737e-17, 2.3303276776740374e-16, 5.995982408791848e-28, 2.373948495593175e-16, -1.8301332671555315e-16, 0.9397857880667306, -1.3356701145805722e-16, -1.7447333574845779e-16, 4.287249166386692e-17, 3.177932092826574e-16, 1.2422067585365385e-30, -1.2065001775418693e-15, -3.68485424730723e-17, 2.032226414505204e-17, -2.3245294578089215e-16, 7.500351566183238e-28, 5.614635584783536e-19, 1.496886154991511e-19, 1.7110515330795215e-27, 
               3.3138916810059386e-36, 3.925623353476464e-19, 1.673329430913817e-17, -2.8899929572579144e-32, 0.02697801107094426, -2.4742092856197867e-17, 9.512346741681877e-17, -2.0564257971701923e-17, 1.4120648843448702e-16, 2.9686516121613974e-31, -0.352271721520539, 4.642136774616442e-15, -4.3547274171321955e-17, -6.635757925488945e-16, -1.775191116090109e-16, 1.29375337112841e-18, -6.420916000475123e-16, 7.839884508380773e-16, -1.6279308642135497e-15, -5.420333236068319e-17, -1.040395538432247e-31, -0.9355088567916457, -1.6452194049618124e-16, 3.951462390984484e-15, 7.312016834319847e-15, 1.7671931895661928e-15, 3.0843060298566005e-16, 5.23979356380514e-17, 5.782062164728192e-17, 4.313331817321255e-16, 1.6833311203829692e-16, 7.839097835376372e-18, -1.2237932021915671e-17, -1.4907471115735846e-16, -2.8959527070723646e-16, -6.098831947694076e-20, 
               0.008430117560350087, 4.593285596749261e-17, -5.551115123125783e-17, -0.03531418861523983, -2.2186712959340957e-31, -5.7358845302463195e-18, 6.69147771323241e-16, 6.938893903907228e-18, -2.0954117794933126e-31, -0.3860931764893435, -4.930380657631324e-32, 4.129193800766234e-31, -1.6887871147092398e-16, -1.232595164407831e-32, -2.3592617195719932e-18, 6.938893903907228e-18, -1.5407439555097887e-33, 1.232595164407831e-32, 1.232595164407831e-32, -4.484155085839415e-43, -0.9217450299669291, -4.622231866529366e-33, 2.309739076658564e-16, 7.318533788671496e-33, -7.703719777548943e-33, 6.507536726152184e-33, 1.497221611948343e-18, 0.0, 4.336808689942018e-18, -4.8148248609680896e-33, -7.742238376436688e-32, -4.796188706449013e-18, -2.0627113394861307e-42, -2.8888949165808538e-34, -1.3000027124613842e-33, -7.703719777548943e-34, 
               3.7745834679285065e-33, 5.318971798838407e-21, -4.843619405540734e-17, 9.96173750433153e-31, 9.21936233657718e-21, -2.6174012363210573e-25, 2.882067778263442e-25, 1.356161019611234e-17, -1.971490923645997e-19, 5.410131271953123e-29, 2.7436251763730404e-20, -2.3559392759511585e-16, -5.61955499185521e-27, -1.2963129537515296e-20, -2.476347919031208e-25, -2.122584945023272e-17, 4.667403114646471e-19, -2.4087039750787543e-19, 9.511810879756088e-17, 4.440892097917745e-16, 1.4335138950161906e-29, -3.392833820995625e-20, -5.402203679233739e-28, -1.474546779524677e-16, -2.0752152605320834e-20, 9.939090718047155e-20, 2.103869583899818e-26, -8.511500926190969e-20, -3.939547092059107e-17, 4.089460823583753e-19, -1.123962239319838e-16, -5.2170021125571405e-25, 5.551115120972773e-16, -1.3927582151808567e-15, -9.324226911388298e-18, 1.0000000000000002, 
               9.082549556634497e-35, -1.3565540593641096e-17, -7.409513415454246e-19, -4.6771864848231383e-33, 8.21491941247198e-17, -8.868997767501574e-19, 2.347325851098436e-21, 1.9774810748514244e-22, -2.924755683489917e-17, -1.9082430449048427e-31, -2.4411572739475244e-17, 3.5960735846331855e-16, -1.8984151077749637e-22, -8.260673737011639e-19, -3.3889687355624392e-18, -3.879111035540012e-24, 4.159511806125445e-16, -3.3114277781104754e-16, 4.707583345854921e-16, -2.3852447793714716e-18, -5.854118583023116e-32, -2.293485374519877e-16, 9.410695561383655e-31, 4.0470361695781653e-16, -4.943739321116407e-17, 1.2853779048088662e-16, -7.666852385739127e-18, 3.026169628862444e-17, 4.2220684048458e-25, 7.101775515102257e-16, 3.1411837934201455e-15, -2.730167080265354e-21, -3.740497494702157e-18, -1.543392789469757e-15, 1.0, 1.0191410694162988e-17, 
               1.8160507039977724e-40, 1.1714912237609547e-29, -6.763722819685013e-30, -1.1238262111142198e-45, 5.10252647099049e-18, -7.156273362538044e-18, -6.278268918374487e-20, -9.843322529563944e-19, -3.135038344321545e-17, -7.284244376369621e-44, 4.484361827544652e-17, 1.3964523978759297e-16, -5.8012704186881066e-18, 2.0690002641796682e-16, -2.134943842351898e-17, 8.029827076184136e-19, 4.0109974667641516e-17, -1.9901293205469938e-16, -3.5723106331570835e-16, -1.3687233353386943e-16, -1.8992586605069576e-44, -1.1204577237201123e-15, -4.1753856563017927e-17, -0.29793213105961236, -6.492454601107098e-16, 1.9680344661284607e-16, -1.8287240904420697e-17, 1.5146203010095338e-15, -2.200295945545723e-18, -5.569614322694276e-16, -1.1260794813952451e-15, 4.190022944488765e-23, 1.3151845222454044e-15, -0.9545870548474239, -1.3508616968083142e-15, -1.3734375997770341e-15, 
               1.4509243293081611e-49, -5.007945613268922e-34, 5.2306653790924926e-33, 1.530180511023409e-47, -2.775365135418399e-19, -1.0414908234086436e-26, -5.940471631694468e-29, -1.6616883562353885e-27, -1.0093426306097535e-16, -1.4455370183573393e-46, 6.622788157071489e-18, 3.4444813709482256e-18, -6.054059349792388e-27, -2.273466648427353e-16, 3.3948389202295356e-25, 2.0361514795363652e-25, -5.944683141254033e-16, -2.2949001902139355e-16, -7.135795158182623e-17, -0.2813962298159079, 1.9128692317717985e-47, 3.2305847766527874e-18, 2.226892670226438e-24, -3.452332767110468e-16, 2.4268001274724674e-16, -7.885971923386345e-16, 4.0805452877840593e-25, -1.880080765003743e-15, 3.603257971318236e-26, 3.221746923667166e-16, 3.2378814499256035e-18, 2.949633850136226e-29, 0.9595916641183333, 1.5648894740085263e-15, 2.8862913344262493e-18, -3.360377740721199e-16, 
               3.172982376963747e-35, 2.289011410626258e-18, -3.0018562921305695e-18, -5.148001594953388e-33, -6.304450808501019e-16, 6.928200915622267e-18, -7.043141161610473e-19, -3.927862944476129e-19, 5.160409262318755e-16, -1.4145732438099806e-31, -4.888120953834733e-16, -0.023503101972241588, -1.8746013029061638e-16, 1.8198542805154335e-16, 1.71665674263485e-17, 5.801775067700948e-17, -1.013754639316583e-15, 2.0324361180937834e-15, 0.34095494826366357, -8.088148206736139e-17, -1.255852852728122e-31, -4.3510226114604746e-16, -7.50122519072581e-17, -7.173179257633312e-16, -2.0374832995742674e-16, -6.657241993895024e-17, -8.398803276312901e-18, -1.0926661613808768e-16, 3.359271921839359e-17, 1.170121789292563e-15, 0.9397857880667297, -8.989685572820462e-17, -4.147073309512629e-18, -1.0073698586522955e-15, -3.914782358922351e-15, 6.711205407434569e-17, 
               4.157751978470529e-36, 1.6702439224539052e-19, -1.7189762043066665e-19, 7.472690471085668e-33, -1.0778346840320504e-16, 1.3940948360673564e-18, 6.4339856723281215e-18, -3.0476957101424746e-17, -0.026978011070944802, -5.652800251512554e-32, -1.9467988863630765e-16, -9.250337343637534e-18, 8.543672333939818e-17, 7.965963909735836e-16, -6.979499200091373e-17, 2.2298297111712223e-16, -0.3522717215205389, 1.3690259402240622e-15, -1.6878035711372723e-15, 4.548363638848239e-16, 2.129466051137268e-32, 5.848888690813948e-16, 7.618108139604474e-17, -9.28462716215283e-16, -7.828717744820457e-16, -1.4193842729890283e-15, 2.2659500254575834e-17, 1.0147554590184408e-16, -7.511591772960293e-17, 0.9355088567916454, -9.254679307399823e-16, 7.32995078842192e-18, -4.125914426734747e-16, -1.57047097706872e-16, -5.126842176334518e-16, -2.5410705538061356e-19, 
               -6.562024707887029e-19, -5.898059818321144e-17, 0.00843011756035009, -1.0134957188092973e-17, -5.204170427930423e-17, -2.6934631283150046e-16, -6.372073364382083e-17, -0.035314188615239675, -1.5525950225293904e-16, -1.6612348240420081e-18, -8.283304597789254e-17, -1.4325098733720036e-16, 1.363067127438395e-16, 1.6637780877665663e-15, 2.4420705258335063e-15, -0.38609317648934177, -2.73560704272126e-16, -3.1782290237798425e-16, 6.22213917974831e-17, 4.338422015099602e-27, -2.4894940213763097e-18, 7.48099499014998e-17, 1.4473403022080573e-15, -2.9966193639812603e-17, 4.1229461393342287e-17, 5.202350036399011e-16, -3.4687354442779206e-15, 5.97229070195159e-30, 0.9217450299669298, 6.140283309526413e-17, -3.247593097241366e-17, 3.3827107781547726e-17, 5.425817571455219e-27, 5.943036586286193e-18, 1.3008723043384721e-20, 2.9004623004579147e-17, 
               3.2295631257787867e-20, -0.005747043012524514, -2.0599841277224584e-17, -1.750555820857584e-19, -3.2634485391813683e-17, -0.043913402479739364, -2.5587171270657905e-17, -6.74610920511215e-17, -2.409960516219625e-17, -1.0754675399425528e-18, 1.8821749714348357e-16, 1.0791780000547617e-16, 1.3175766901130093e-16, -2.9878957504280508e-15, 0.3994382907485258, 2.469483053105497e-15, -9.240857727311757e-17, 2.705387274257483e-16, -4.3250490130851253e-17, 4.156425535062219e-26, -7.431759061801398e-18, -3.7259962910179967e-16, 2.2091296890749956e-16, -8.385008933457602e-17, -9.333048486166722e-17, -4.4022402330680724e-16, -0.9156897053386376, -1.7008418474251155e-29, -3.370833682168374e-15, 1.6578392208077797e-17, 3.0372356517636847e-19, -9.540979117872439e-18, 5.196328445648874e-26, 3.741632104219209e-17, -5.79845303841293e-18, 1.145025269845638e-25
             };
       static constexpr std::array<double,84> m_epsDW3D = {
                   1.3095901571204673,
                   1.7344116951250361,
                   2.309889998412717,
                   2.3098899984127335,
                   2.500549642428769,
                   2.7344116951250355,
                   2.7344116951250426,
                   3.2037261034309026,
                   3.309889998412716,
                   3.30988999841272,
                   3.3098899984127224,
                   3.5042031506581095,
                   3.5042031506581117,
                   3.7365345530210288,
                   3.736534553021037,
                   3.7365345530210425,
                   4.00765205760986,
                   4.203726103430898,
                   4.203726103430903,
                   4.311298227473543,
                   4.311298227473548,
                   4.311298227473551,
                   4.311298227473558,
                   4.504203150658112,
                   4.504203150658115,
                   4.504203150658116,
                   4.7365345530210305,
                   4.736534553021033,
                   4.736534553021037,
                   4.736534553021041,
                   5.1252033454011965,
                   5.3071034640383425,
                   5.307103464038345,
                   5.311298227473543,
                   5.311298227473545,
                   5.311298227473545,
                   5.311298227473551,
                   5.311298227473553,
                   5.442517529240181,
                   5.442517529240181,
                   5.442517529240184,
                   5.714038230109307,
                   5.714038230109307,
                   5.714038230109311,
                   5.714038230109313,
                   5.871620832904482,
                   5.871620832904487,
                   5.871620832904489,
                   5.87162083290449,
                   5.871620832904491,
                   6.011384572787324,
                   6.1252033454011965,
                   6.125203345401197,
                   6.3071034640383425,
                   6.307103464038346,
                   6.30710346403835,
                   6.435810416452241,
                   6.435810416452243,
                   6.435810416452243,
                   6.435810416452246,
                   6.435810416452248,
                   6.43581041645225,
                   6.442517529240181,
                   6.442517529240183,
                   6.442517529240183,
                   6.442517529240188,
                   6.714038230109298,
                   6.714038230109306,
                   6.714038230109307,
                   6.714038230109307,
                   6.714038230109312,
                   6.871620832904483,
                   6.871620832904486,
                   6.871620832904487,
                   6.871620832904488,
                   6.871620832904493,
                   6.871620832904498,
                   7.43581041645224,
                   7.435810416452242,
                   7.435810416452242,
                   7.435810416452243,
                   7.435810416452244,
                   7.435810416452247,
                   7.4358104164522505
             };
       static constexpr std::array<double,7056> m_C3D = {
               0.9513100880998018, 0.0, -8.093925822115206e-16, -2.2916662407624334e-17, 0.29599489558842657, 0.0, 0.0, 3.19423300321659e-17, 0.0, 0.0, 0.0, -1.4075929642748857e-19, -1.7531817983084038e-17, 0.0, 0.0, 0.0, -0.08023198216004383, 0.0, 0.0, 0.0, 0.0, 0.0, 0.0, 0.0, 0.0, 0.0, 0.0, 0.0, 0.0, 0.0, 0.0, 1.1266442047164717e-19, -6.6802754978004534e-18, 0.0, 0.0, 0.0, 0.0, 0.0, 0.0, 0.0, 0.0, 0.0, 0.0, 0.0, 0.0, 0.0, 0.0, 0.0, 0.0, 0.0, -0.0309671939932263, 0.0, 0.0, 0.0, 0.0, 0.0, 0.0, 0.0, 0.0, 0.0, 0.0, 0.0, 0.0, 0.0, 0.0, 0.0, 0.0, 0.0, 0.0, 0.0, 0.0, 0.0, 0.0, 0.0, 0.0, 0.0, 0.0, 1.5465032704728853e-18, 9.02050708047963e-18, 0.0, 0.0, 0.0, 0.0, 5.290157986435102e-50, 
               -1.1102230246251565e-16, -9.63539954454368e-16, -0.7513675067745922, -0.5836070566694119, -1.6653345369377348e-15, -2.749713089349265e-16, 2.6725032174798613e-15, -3.872694687014751e-15, 1.2812740209931093e-17, -2.8684080253034225e-16, -3.0619526260053494e-17, -0.07422539973079612, 0.2869306943921318, 1.467586224074075e-16, 3.6737661552947673e-17, -9.457718687037901e-17, 5.551115123125783e-17, -2.9467236626611434e-17, 4.550546312310983e-17, -6.539579279321524e-18, -3.6510519772318636e-16, -2.395455918843299e-16, -4.6844270226064476e-17, 4.84501287847724e-18, 2.2792041311765108e-17, -3.1460957948859024e-17, 8.68806593328999e-30, 7.10170778508339e-29, -8.457075842641145e-30, 1.5996689558518642e-29, -8.490727247457534e-17, -0.08235398591106001, 0.015128146747460793, -6.992119406112582e-17, -3.719887788246934e-17, 8.186037487811036e-17, 6.03608966645095e-16, -2.1100258825268387e-17, 2.5077069654922266e-17, 5.94114383912231e-17, -8.736812771308875e-18, -1.1781194113141699e-17, 4.041224598681901e-17, -4.809459911857987e-17, -1.0470343424783571e-16, 2.698996133040937e-31, 1.2993519147550216e-31, -3.3475537752071994e-32, 1.4186966317852678e-32, -1.010845567371889e-31, 5.551115123125783e-17, -1.7141333053615558e-17, 4.2776449689219255e-18, -4.633962054188521e-17, 5.504242950904953e-16, 2.0789965011155225e-17, -1.5495819560899817e-31, -4.971609542307296e-31, -1.8215244694586073e-31, -1.18026992633462e-31, 6.067197961206892e-32, 4.3641863296971174e-32, -5.666851519888927e-31, -2.5844513680606873e-30, 1.7132590755630466e-29, -1.8795760435250234e-30, 3.3223726188150364e-18, -9.395861953355235e-18, 2.215339998016496e-17, 5.949121924395665e-18, 3.6733458769912864e-19, -2.221442724062312e-32, 2.0337897701000674e-32, -2.3452888141110063e-31, -3.5943523928611284e-33, 3.0667199017796214e-32, -8.203609139233448e-33, -4.943738000395893e-17, -1.7128920580955772e-16, 1.1454364841223243e-34, -8.024269286856417e-32, -5.19688139897129e-33, -5.493927563866133e-32, 3.5505927348865885e-32, 
               6.938893903907228e-17, 9.946423334341556e-16, 0.5836070566694116, -0.7513675067745922, 1.3322676295501878e-15, -2.326039953910867e-16, 2.1170047673625692e-15, 1.121745828343396e-15, 8.657735235624046e-16, 2.909758571133527e-16, -3.764757948824853e-16, -0.2869306943921319, -0.07422539973079585, 5.350296294271931e-16, 1.0393926358967593e-16, -3.8769183291410273e-16, -1.1102230246251565e-16, -1.6309038944389298e-16, 2.6452002411244057e-16, -4.823021493511698e-17, -6.156419334523075e-16, -2.511662374656009e-16, -8.54126363029842e-17, 3.6727539932686764e-17, -2.0270161920627912e-16, 1.2135921653344128e-16, 3.393219063815867e-29, 3.823306522166553e-28, -4.3047676696456875e-29, 5.948214433053658e-29, 1.3579130015647923e-16, -0.015128146747460188, -0.08235398591106045, -2.4081068041032456e-17, -4.699010592463647e-17, 1.0062132712273958e-16, -1.725940393513029e-16, -9.997439757405107e-17, 2.4126414019034475e-17, 2.6397356523463994e-17, 3.4313262999861072e-18, -1.1917852070637416e-17, 3.990607095543159e-17, -5.3483137615971204e-17, -1.0707232948613407e-16, -1.1168837314735798e-31, 8.127040958568047e-32, 3.5797918776208674e-33, 6.575412225875211e-32, -4.537890756068461e-31, 3.3306690738754696e-16, -1.1421951970569509e-17, 3.455049021026878e-17, -1.6920084926281207e-17, 7.672966495112481e-16, 2.7156038918366785e-17, -7.287317092427646e-34, -4.934047667471829e-31, -4.108229662676145e-31, 1.7204331079262645e-32, 1.8553743909580905e-32, 3.170390620476324e-32, -1.717207126349335e-30, -5.855770703473335e-30, 4.7569023202056884e-29, -6.855658454844172e-30, 1.423284210463766e-17, -3.638145804548115e-17, 8.494134460490171e-17, 2.302056154147892e-17, 1.575085421002583e-18, -8.244148580487951e-32, 6.604992941550552e-32, -5.854787195417313e-31, -2.457251577858781e-32, 1.494270813399001e-31, -3.47938819541293e-32, 6.564673057293908e-17, 1.1885857468903594e-16, 6.324624615294388e-32, -3.507061859862226e-32, 1.2153231217832633e-32, 1.953010767526343e-32, 2.820401260218631e-32, 
